name: 'mlp'
parameters:
   hidden_size:  256
   hidden_layers:  4
   num_tasks: 3
   dropout: 0.1225635138049215
   learning_rate: 0.0005046153335638119
   l2_regularization: 0.00012189588476382797
   n_epochs: 100
