name: 'mlp'
parameters:
   hidden_size:  128
   hidden_layers:  10
   num_tasks: 3
   dropout: 0.2634190838875646
   learning_rate: 0.00016075544512247585
   l2_regularization: 0.00015969435318558328
   n_epochs: 100
