name: 'mlp'
parameters:
   hidden_size:  256
   hidden_layers:  10
   num_tasks: 3
   dropout: 0.02320143395630985
   learning_rate: 0.0001692981155570884
   l2_regularization: 0.00014001344197363952
   n_epochs: 100
