name: 'soilcnn'
parameters:
  patch_size: 7
  base_channels: 1024
  output_size: 3
  dropout: 0.4244870195669489
  learning_rate: 3.855189751363857e-05
  l2_regularization: 0.00012105407336733036
  n_epochs: 100
  gpus: 0
